Tree grid 99x99
0 0 0 0 0 0 0 0 0 0 0 0 0 0 0 0 0 0 0 0 0 0 0 0 0 0 0 0 0 0 0 0 0 0 0 0 0 0 0 0 0 0 0 0 0 0 0 0 0 0 0 0 0 0 0 0 0 0 0 0 0 0 0 0 0 0 0 0 0 0 0 0 0 0 0 0 0 0 0 0 0 0 0 0 0 0 0 0 0 0 0 0 0 0 0 0 0 0 0 
0 42 1 10 1 1 1 1 84 1 12 1 16 1 70 4 4 1 2 20 1 756 2 1 36 1 2 9 1 2 54 1 80 2 48 1 2 1 2 5 240 2 16 1 26 1 60 1 16 1 3 1 1 3 1 1 20 260 1 20 2 1332 27 1 4 1 10 1 3 2 1 432 8 1 4 92 1 2 2 12 1 12 5 1 1 18 1 198 1 4 6 1 4 1 4 10 1 2 0 
0 1 8 216 1 1 18 1 1 48 1 1 3 104 12 20 1 1 12 1 40 1 264 2 1 24 8 80 1 40 1 12 6 1 6 480 1 4 6 2 20 1 12 1 44 114 1 12 2 1 36 1 16 2 32 1 2 3 192 1 1 6 4 2 1292 8 1 12 12 1 40 1 1 1 1 30 4 16 1 20 1 2244 32 1 28 1 1 12 1 1 1 14 1 12 1 1 12 1 0 
0 1 1 1 24 15 216 6 2 4 1 6 360 9 1 1 9 4284 1 16 1 24 2 1 2205 6 1 6 168 1 8 1 2 4 1 14 1 4 1 3510 1 48 2 24 75 2 1 72 18 3 1 300 1 8 1 48 720 1 4 1 8 1 2 42 816 1 12 3 12 4 1 8 1 18 18 66 1 2 144 1 2 1 192 1 30 1 6 1 3 60 2 90 4 1 216 1 1 24 0 
0 3 2 4 1 400 1 2 15 288 3 10 9 2 2 12 3456 1 8 1 32 1 384 4 8 2 32 1 2 2 9360 2 8 36 1 2 672 3 2 1 864 12 1 1 24 1 144 3 1 1 16 1 720 1 96 12 1 2 1 24 4 4 120 1 2 48 1 8 1 96 448 3 1 1 48 1 4 6 2 1 16 4 120 4 336 8 8 9 24 1 36 2 1 60 2 3 16 2 0 
0 2 90 1 2 6 48 240 2 1 60 1 4 1 12 675 1 2 45 10 1 48 1 240 2 1 6 2 30 2 1 240 1 330 30 4 1 375 5 12 2 1 60 1 2 9 2 12 4 1 450 2 4 2 3 1 2 84 6 1 300 1 6 2 2 12 1 930 18 12 1 4 225 1 2 12 10 60 4 2 1620 1 6 105 1 1 9 4 1 8 4 3 40 35 4 1 4 1 0 
0 1 1 6 2 1 54 1 2 6 180 1 2 4680 4 16 2 6 1 144 16 2 4 1 8 24 4680 3 48 1 4 1 1080 1 4 1 2 1 16 1 2 1 30 3 2 18 1 2 162 9 1 1 3 5 3 2 1 180 24 18 1 4 24 1 1020 1 168 1 2 1 6 1 1 1512 1 12 4 1 4 1 4 504 1 1 6 2808 1 14 2 1 3 1 1 3 14 1 1452 2 0 
0 24 1 1 6 16 2 32 1 81 6 1 80 1 1 3 1 320 2 30 3 1 2 3 5 50 2 10206 10 30 2 1 3 60 48 2 3 6 4 6 6 1 224 8 6 1 32 2 5376 14 2 8 2576 1 6 32 12 1 1 28 2 24 1 224 1 660 1 32 10 1 6 1 1 10 1 32 16 4 48 6 24 2 1 12 162 4 1 462 14 4 14 1 8 6 3 12 1 147 0 
0 96 3 48 1 10 1 1 3 2 30 8 1 48 2 405 40 2 81 1 12 9 12 30912 2 24 1 10 3 1 2 72 1 4 1 36 8 1 2 1 16 4 2 1 12672 12 1 8 3 40 864 20 1 504 3 1 2 24 2 6 8512 1 12 1 1 40 1 378 1 3 1344 1 6 3 512 1 1 1 96 3 2 1 18 1 8 1 768 2 1 2 8 70 1 8 4 1 1 6 0 
0 8 18 1 18 15 80 1 30 1 1 396 243 35 1 4 2 1 15 1 1 189 8 1 4 1 48 1 42 54 1 2 1344 9 2 1 6 2 2 504 5 32472 1 4 4 1 4 1 16 2 1 2 44 1 36 180 18 1 6 4212 1 4 6 2 18 1 6 18 2 32 6 4 8 1512 2 3726 1 40 2 6 2 1 300 8 1 9 2 28 4 162 1 2 48 2 336 6 1 1 0 
0 4 4 1 24 1 1 1 40 90 360 1 4 1 64 1 4 2 8 900 2 1 3 8 480 120 1 4 12 1 60 360 1 1 27 1 2 22200 9 1 2 6 2 960 1 4 9 2 1 12 42 160 12 6 1 3 3 8 900 2 8 3330 112 1 4 2 48 2 1 672 1 2 45 6 1 12 3 10080 2 1 36 1 1 1 21 48 1 16 1 24 6 280 1 1 3 1 20 144 0 
0 1 10 1 1 1 1 30 88 12 1 8 6 12 1 162 1 6 3960 1 88 2 528 15 2 1 600 2 1 18 1 1 24 1 748 880 35 1 1 12 1 120 1 2 6 440 88 1 120 1 12 1 1 45 28 1 56 1 6 1 1 6 1 140 40 3 1 1 13860 3 1 2 264 1 4 1 32 2 132 4 1584 20 1 4 24 1 8 1 352 1 1 1 1056 2 1 198 5 3 0 
0 1 6 48 1 36 3 2 64 1 8 1 216 2 2 1 16 1 54 1 1 3024 4 4 6 36 2 1 54 2 10 12 1152 240 1 2 3 60 1 4 4 8 4 160 1 6 9 48 1 8 1 32 24 2 10 1 4 24 4 30 200 6 1 1 3 50 252 12 1 6 6720 11 8 1 8 2 768 1 320 1 4 1 6 21 2 10 120 16 1 4 2 160 1 120 1 1 3 2 0 
0 1 8 1 12 1 858 52 1 8 1 160 2 1 2 8 360 1 8 1 8 9 2 1 504 4 2 144 3 2 1 28 1 2 612 1 28 2 650 8 1 1 1 495 1 2 2 1 10 15 12 1 1 1 385 12 1 1 1 5 1 63 1 12 819 1 24 1 2 10 1 364 1690 3 260 4 1 2 3 130 2 1326 28 1 1 1 8 1 8 21 390 2 4 60 12 12 1 1 0 
0 24 1 4 8 4 2 1 144 8 180 1 2 9 48 1470 4 6 1 8 20 2 588 1 2 3 1 2 1 294 1 2 6 198 40 36 6 1 4 1 10 54 14 1 480 2 1 2 1344 1 308 5922 6 48 1 140 2 280 4 24 4 2 42 2 2 84 1 56 15 14 336 24 2 1 1 16 4 16 1 216 2 1 168 2 1960 2 2 8 1 90 12 1 1 18 1 36 1 18 0 
0 1 16 6 1 3 12 350 3 2 1 8 30 1 1470 70 12 12 3 60 2 1 6 1 2 240 1 2 1 40 1 3720 273 12 1 1 6 4 10 324 1 1 12 1 2 156 8 45 1536 1 6 1 1 15 2 2 480 1 6000 1 1 3 3 1 4 12 2 1 6 80 1 4 1 240 1800 2 1 3 72 1 864 4 1 270 2 2 72 1 64 1 2 12 576 10 2 2 3 2 0 
0 2 12 1 576 896 1 4 1 8 1 6 21 2080 1 8 1 2 400 1 32 8 2 16 1152 1 40 3120 3 3 1 1 5 1 4 80 1 1 3 1 3328 2 1 18 95744 4 1 12 1 1120 1 1 12 1 10 1 35 1 4 2 2 2176 2880 80 12 12 1 248 1 8 2 1 75 3 1 1 18 480 1 1 3 12 192 1 6 1 1 210 1 40 1 2 2 1 4480 1 20 1 0 
0 72 1 1 45 2 1 18 1 150 1 132 4 1 72 1 4 4046 1 102 5 2 1 782 90 24 1 6 1 1 117 6 1 648 1 4 6 80 4 1 2 104550 272 3 1 1 560 1 8 1 8 30 6 2 2 2 3780 4 1 27 110 9 2 1 8 1 16 3 1 6 81 1188 8 7 2 6 1 18 2 3 16 51 2 40 1 100 2 2 400 1 6 36 1 900 2 2 330 3 0 
0 4 1 432 1 8 30 1 8 8 1 1584 1 32 3 48 9 1 4 8 1 24 80 4 2 2 1 15 72 1 4320 2 18 2 18360 3 1 2 15 360 1 2 1 3456 2 12 1 1008 3 108 1 1 7452 16 20 1 2 1 72 2 1 180 20 1 1 1 1 144 12 1 2 16 45 1 12 2484 4 1 36 1 90 6 1 1 80 3 6 1 3 4374 16 2 18 1 24 1 8 144 0 
0 1 38 18 1 1 6 1 6 1 1 16 189 1170 1 16 1 4 1 18 4 1 9 1656 1 16 1 2 1 48 2 1 12 1 11 288 2 4 114 2808 15 1 4 1 2 54 8 4 144 5 10 30 4 1 285 1 4 3762 1 1 36 4 1 12 3 6 228 1 31350 1 2 3 2 500 1 1 63 1 2 10 3 1 4 56 220 1 3192 30 1 2 12 1 1 1 12 2 1 10 0 
0 160 55 1 3 2 4 250 2 1 36 1 1 72 1 1 3 90 16 798 1 2 2 16 2 6 10400 1 20 5 24 30 1 3960 4 1120 20 60 1 2 108 9 3 72 16 1 4 1 4 70 1 2 1 2 30 1 12 2 50 20 3800 1 16 1 32 1 12 2 1 15 90 4 1 12 5 2 20 80 16 1 8 1360 4 3 2 1 10 2640 1 8 1 64 1 2 9 160 1 26 0 
0 1 1 72 4 4 1 16 28 3 28 36 2 1 12 3 54 2 2 3 4 378 1 1 216 1 2 810 1 84 5 1 6 1 1 5 39312 1 4 6 1 1 72 1 16 2 1 4 24 156 28 1 54 6 1 63 9 2 1 27 1 8 75 126 1 4 1 24 4 14616 1 1 18 3 2 6 1 12 9 14 1 408 2 2 90 3 1 1 12 1080 1 2 36 1 2 72 1 2 0 
0 8 3 2 1 4 24 56 1 3960 1 48 18 1 42 84 2 1 2 24 880 1 44 105 1 4 72 2 1 2 9900 1 28 1 4 20 1 1408 2 9 4 2 3 4 1 1408 2 1 1 4 1 36 1 352 2 32 1 8 30 1 3 1 1 48 2 1584 30 3 1 1 18 3564 8 1 8 1 84 6 1 2 96 1 6336 1 2 396 2 176 3 1 1 168 1 10 2 16 35 4 0 
0 60 1 4 1 24 2 1 864 1 4600 2 1 144 2 1 6 36 2 1 200 6 42 1 4 552 1 2 6 2668 1 96 2 48 1 30 1 6 2 1 690 6 966 1 7 43470 4 4 216 1 4 189 644 69 4048 1 8 1 2 4 6 10 2 2 4830 1 4 6 6 2 2 189 3 2 1 64 1 4 1 108 1 2 3 37260 2 2 9 6 1 18 1610 2 552 6 24 9 1 1 0 
0 2 1 90 1 112 110 4 1 6 1 132 1 1 36 2 192 2856 216 1 24 4 1 72 4 1 2 5184 1 20 8 1 2 3 240 1 6 4 27360 2 2 1 12 1 17136 2 14 12 1 6 2 1 32 1 2 6 54 5 1 18 1 105672 10 1 1 3 1 20 1050 6 1 9 4 32 19008 1 8 90 3 240 4 1 6 1 8400 1 2 2 2 40 6 1 2 32 1 1 1 48 0 
0 1 20 1 432 1 2 18 1 2 400 1 18 1 2 2250 1 1 126 36 2 1 36 1 1 14 5 3 50 1 1350 4 4 54 2 1 72 1 54 24 1 8 1 80 1 4 1 25850 2 48 88 4 1 4 24 2 1 54 550 4 13300 1 1 108 4 1 18 1 14 48 50 27 1 6 12 6 2 1 300 9 1 8 288 2 4 81 1 1 600 1 1 6 624 1 16 1 1 1 0 
0 3 1 4 1 8 4680 16 1 96 1 60 7 24 6 1 1 48 1 2 1 96 1 4 2 26000 8 1 12 40 1 1 18 1 10 32760 1 24 2 1 108 1 1 1 8 2 4 1 6 1 2 1 24 1350 1 12 1 1 60 2 24 6 80 1 10608 4 5 8 1 2 1 189 24 1 72 1 10 4 1 6 2 25 4 3 1 1 11232 88 1 24 1 4 3 180 4 36 1 16 0 
0 1 2 18 192 1 4 1 64 1 12 55 162 1 3780 64 1 16 2 1728 1 1 12 20 40 8 9 4 1 1740 4 8 1 8 55080 2 2 8 1 16 324 810 18 6 4 64 1 72 1 8 324 1 32 1 48 432 3 20 1 1 1 4 15 83160 1 2 6 2 1 24 2 54 4 1 6 864 10 6 1 4 1 72 64 1 12 1 8 1 100 6 6 1 12 2700 1 2 10 2 0 
0 384 1 2 2 16 6 72 1 12 6 2 4 8736 4 3 2016 1 1 3 120 2 1 24 1 1 1 3240 6 1 1 6 2 1848 1 4 280 1 6 4 1 5 3 1 1 4 3080 3 1 1 8 10 2 8 1 2 4 924 12 15 4 1 2 1 72 224 1 3472 12 1 63 1 1 840 1 1 1 4 8400 72 48 1 2 2 4 12 1 14784 1 2 240 126 1 5 1 2 2 1 0 
0 1 4 225 1 12 1 2 60 1 2000 2 1 27 2 1 12 1 8 1 10 1 3 2 1 500 1 8 2 2 4 1798 87 726 1 6 6 10 60 1 40 12 2 1 12 120 18676 8 812 1 8 1 12 2 2 87290 1 4 360 8 1 80 1 16 1 48 12 2 1 16 1 540 6 1 48 1 14 20 6 2 1 48 16 1 60 1 72 2 2 432 2 1 16 4 3 16 116 2 0 
0 2 1 4 36 1 4 1050 480 2 2 6 96 1 24 1 2 18 1 2 9000 600 21 6 3 1 1800 2 1 12 11700 1 1 2 1 2 4 1 8 1 4 1 168 36120 1 1 6 1 10 1 1260 7 2760 1 2 9 660 1 1 18 8 1 120 1 3 1 1 176 2 17400 1 1 6 200 1 6 6 9 1 1 30 2 1 28 1 20 1188 1 4 1 40 1 2 3 70 1350 1 36 0 
0 3 132 1 24 3255 3 3 36 6 1 2 1860 1 2 12 2 245 18 32 1 4 2 4 32 1 4 6 2 1 30 1953 1 1 4 24 1 4 12 1 14880 2 1 3 2480 2 16 1 96 372 1 651 20 100 3 2 1 6355 6 1 1 140 1 4 6 1 4960 18 1 8 27 1 1 48 4 4 1 248 12 2945 4 3 56 2 2 4 1 8 1 42 3 434 1 96 2 4 558 1 0 
0 4 2 27 4 1 432 1 1 360 6 704 11 3 20 3 64 1 2 3 48 1 1 55 1 2 2 1 8960 4 300 1 36 6 2 120 12 1 6 17472 2 3072 2 26 10 4 1 1 1 20 1 18 1 4 6 1 104 480 9 32 14 1 5760 30 1 36 320 1 28 3 1 1 768 3 1 1 2816 2 1 12 3 2 1 63 42 2 36 1 100 7 1 1 6 1 1 3 32 2 0 
0 2 1 9504 1 2 9 1 1 12 1 8 504 15 16 2 2 10 8 35112 1 6 9 15 2 8 63 135 1 2 9 1 1 18 2 1 6 4 342 2 1 6 1 4 1 14850 2 792 1 2 243 6 1 1 24 60 6 1 4 4752 1 66 108 1 2 1 48 4 1 27 1 8 9 27225 8 12 9 378 16 3 8 1 16 4 2 693 2 4 990 1 8 4 48 1 4 42 1 726 0 
0 2 12 1 1360 9 2 3 168 4 340 210 1 6 1 1 240 1 1836 1 8 1188 1 4 1 40 6 1 1 30 360 6 8 1 168 2 4896 612 1 1 24 1 272 132 4 1 12 2 1 72 1 1 1 12 26180 1 1 72 1 1 42 189 1 2 6936 4 1 372 20 12 6 660 1 6 1 1 12 1 8 4 1 6 5984 1 2 6 1 30 7 102 272 1 2 18 4 5 24 2 0 
0 1 630 2 4 54 1 180 1 1 150 1 8 2 4 600 2 1 216 8 6 12 2 1 48 1 1 1 48 1 540 2 1 12 1 12 1728 1 4 27 12 231 1 2 16 6 1 1 224 1 4 3 288 2 1 12 1 2 7350 6 2 24 6 3 1 16170 1 42 2 1 63 1 4 6 29400 6 1 1 96 1 70 210 192 2 36 1 12 63 2 1 168 8 4 48 5 42 1 1 0 
0 80 1 4 1 2 336 2 20 4 1 2 1 4160 1 8 2 3 504 2 20 1 3456 1 4 7200 432 1 1 12 8 8 2 42 2 1 18 1 65664 2 1 30 4 2 120 1 224 3 2 2 288 20 1 30 1 2 24 1 32 1 1 9 72 1 136 3 2 1 12 1 3888 2 6 225 1 1 54 3 1 30 108 1 32 7 3 1 1 3 1 2 256 1 1 3 8 1 8 2 0 
0 1 8 1 32 1 4 1 16 1 4 3 96 2 2800 1 12 1 32 1 1 6 4 3 1 1 208 12 444 1 1 3 1 1 33966 4 1 24 1 16 4 1 2 108 1 16 1 272 10 148 2 1 6 888 6 1 666 9 1 1 12 2 12 1 10 330 12 2 2220 12 1 6 8 30 3 5106 1 4 3 1 1 12 4 26640 2 16 2 4 1 324 1 4 2 88 148 2 4 8 0 
0 6 120 4 1 36 144 6 4 684 180 2 1 6 1 2 24 7 20 4 1 2 40 5 2 4 52 1 560 2 24 21 228 8 1 12 1 2 60 3 480 2 8 2 2 20 2 12 1 16 6 35 60 1 4 5 16 150 2 6 6 1 15 6650 1 2 2 54 6 2 1 24 1 1 3 8 52668 1 6 76 12 1 4 3 63 4 1 12 12 2 1 40964 26 1 12 12 80 1 0 
0 2 1 108 20 1 3 1 1 12 1 220 1728 30 4 1 20 4 1 16 1 48 3 8073 6 1 9 1 1 540 1 4 256 1 2 1 144 2 3 1638 1 4 72 1 2 8 3 3 2 12 1 2 1 224 1 480 2 16 1 96 1 24 1 16 2 6 1 14508 1 4 36 1 60840 2 2 1 2 10 480 1 2 24 1 36 8 1 4 1 8 2376 6 1 18 72 3 1 1 48 0 
0 2 4 36 1 1 12 1 4 216 4 1 2 24 1 120 4 2 1 24 8 1 4 8 2 48 104 18 1 1 48 1 1 726 5508 16 2 36 1 2 108 1 1 12 8 1 48 1 12 1 8 1 2 1 32 3 1 2 540 1 4 1 4 6 1 2 6 1953 3 80 1 72 2 72 30 345 18 2 1 456 20 1 18 2 1 1470 1 24 2 1 48 4 21840 1 4 2 8 1 0 
0 2952 1 1 108 1 2 144 21 6 15 1 8 1 4 60 1 9758 6 560 36 1 1 3 1 5 1560 1 18 4 1 15 7872 1 4 3444 1 8 2 192 1 20 24 1 2 6 4 1 1 3 480 12 2 8 1 60 2 2 12 32 164 2 396 1 16 3 2 1 7380 58 8 1 2 1 140 2 1 2 12 2 1 2142 8 2 60 3 44 1 700 6 1 1 16 1 144 3 12 6 0 
0 1 8 12 2 32 2 8 1 900 48 9 1 1 75 2 2 54 2 1 9 6 3 6762 2268 1 1 81 2 1 48 7812 1 1680 1 2 45 1 6 12 4 1 4 40 1 2 4 6 20 224 1 4 1 12 2 1 1120 1 2 6 1 1 12 2 400 30 20 8 6 1 4704 2 126 1 2 36 2 43218 1 1 324 1 2 9 6 1 30 42 1 12 168 12 1 1 4 1155 2 1 0 
0 6 90 1 1 1 2 1 24 1 2 972 2 6 56 7740 1 2 630 8 1 6 5 10 32 1 1 3 32 2 1 1 320 2 2 4 1 1935 5 1 54 12 1 78 1 60 3 1 1 6 2 120 30 2 1 12 1 30 2 1 12 36 1 50 24 1 2 2 2250 16 1 9288 2 3 24 1 30 1 16 3 18 2 4 540 1 2 1 2 2 1 112 1 36 4 176 1 60 1 0 
0 1 8 2 20 27 12 2 1760 4 6 1 2 360 1 2 16896 3 1 2 12 1 144 2 1 200 24 2 1 30 26400 2 2 50 8 8 1 4 320 4 1 1 2 12 4 2 192 18 72 3 1 1 3 2 180 2 6 60 6 2 2 1 3 36 1 80 4 1 8 1 3360 2 5 48 1 4 3 10 14080 32 2 204 1 2 1 6 2 396 9 4 1 216 1 4 1 8 1 198 0 
0 1 1 72 4 1 16 4 256 1 36 1 864 1 1 12 12 2 1 4 1500 22 5940 8 4 36 1 36 12 1 4 279 18 1 2 1 6 1 12 12 384 1 32 1 12 1 12 1 1 6 1 4 72 1 1 9 2 1 192 4 4 10 2 4 6 2 14400 4 1 6 80 8 1 2 2 75 308 1 2 12 1 2 4 210 8 1 36 1 2 24 112 1 12 2 2 135 1 1 0 
0 6 180 1 2 1 1 10 3 24 1 6 75 2 3 2 1 5 9 3135 1 1 9 2 1 3 312 1 2 690 4 1 1 1 90 4 1 2664 2 2 8 5808 1 2 1 64 1 1 1 8 1 2 11 42 2 40 1 16 1 8 1 148 1 2 1 8 1 8 30 4 1 2 2 450 216 2 1 12 160 1 12 12 1 6 1932 162 4 1 300 2 48 20 84 2 24 1 216 2 0 
0 1 1 66 6 18 12 16 1 16 2 1 2 78 4 360 1 4 1 4 6 12 924 4 6 24 1 32 1 20 63 2 2 27 1 2 4320 3 80 1 4 1 8 9 1 1 6 6 270 2 1 12 2 1 36 1 60 2 1 9 18 1 8 27 2 2 12 154 1 5452 2 40 2 1 3 1 20 1 160 1 2 6 768 8 3 6 1 132 1 1 1 48 3 2 1 12 1 120 0 
0 4 112 1 1 9 1 2 6 1 1600 4 4 1 4 90 24 168 2 8 1 12 6 2 1 75 44 1 180 8 1 93 72 2 2 252 2 1 2 120 1 2 9 2 40 90 6 1 1 6 1 24 45 1 1 3 1 2 9 2 1 180 1 48 3 2112 3 1 2 8 1 8 1 8 2 36 44 1 4 156 20 1 64 1 12 1 12 198 30 4 1 2 1 825 24 4 2 6 0 
0 1 1 12 1 4 2 4 64 24 3 1 1 52 3 15 1 2 540 2 2 4 1 1288 1 2 12 2 4 1 12 62 1 60 252 6 2 1 240 1 1 108 1 2 72 1 1 30 2 1 576 1 2 27 2 2 6 45 16 3 1 1 24 3 18 2 108 2 12 8526 4 18 14 12 1 1 1 7056 3 2 1 24 1 6 210 1 1 4 1 20 288 40 2 1 8 1 90 1 0 
0 6 4 1 96 120 3 18 1 1 80 2 4 1 24 2 4 136 1728 2 330 1 4 1288 6 1 4 1 15 4 1 11904 1 30 2 1 18 8 3 224 36 1 4 12 1 4 84 1 42 32 1 2 1 12 24 1 6 4 1 6 114 1 2 2 4 1 24 3 1 1 144 10 2 1 24 2 1584 28 6 3 2 28 6 45 42 12 12 1 4 81 1 4 72 4 1 90 1 4 0 
0 4 1 8 6 1 2 56 16 4 1 3 20 1092 3 1 1 6 1 36 1 504 1 12 216 12 2 1224 24 1 4 1 24 1 12 5145 1 4 1 6 1 1 168 3 8 6 12 1 4 72 1 1 12 1 1 120 1 4 2 28 24 1 6 1 1 40 1536 4 32 1 20 1 288 2 1 162 2 1 480 1 12 2 2 28 1 1 3 24 24 1 126 1 2 35955 4 1 2 16 0 
0 1 4 72 1 6 1 4 1 270 32 9 10 1 334880 2 64 12 12 1 64 1 8 1 120 1 14 4 1 150 12 1 48 6 1 1 360 72 1 36 2 3 270 1 10 1 1 1 1 5 1 144 1 1 1 32 1 80 1 2 1 8 330 3 4080 1 2 120 1 36 3 972 1 1050 6 1 1 9 3 1 2 60 2 1 8 1 4200 5 1 1 3 2 10 4 24 1 6 22 0 
0 60 4 1 60 1 400 371 5760 2 2 6 1 60 1 1 24 1 1 1 1 5 1 1 144 24 1 1 84 5 1 12 1 1 5 140 1 6 6 1 15 12 1 2 352 10 1 1 18 1 20 4 5 36 1 6 630 1 24 4 2 1850 1 70 1 2 4 1 200 1 1 6 384 1 56 8 36 1 10800 25 80 1 6 45 24 12 1 8 2 42 4 12 1872 2 1 198 2 1 0 
0 12 1 16 9 1 1 924 6 1 60 4 4 4 2 90 24 60 1 54 2 6 47432 9 30 1 2 54 1 14 3600 1 4 2 48 1 120 1 980 2 2 6 2 24 1 28 3 816 1 2 48 1 4 1 352 1 24 2 1 12 1 2 4 3 48 2 1 558 1 6 1 1 300 18 1 1 36 1 1 2 1 8 60 8 140 1 4 108 2 1 144 1 10 1 8 1 4 80 0 
0 1 720 2 1 54 1 20 1 270 1 336 3 1 1 90 3 4 3 2 9 96 12 1 4 1 48 2 56 274340 1 30 3 864 1 48 1 2 1 378 1 12 1 1 20 1 588 2 1 180 2 1 24 1 24 2 1 9 4 1 264 6 12 1 1 12 560 1 2 324 3 319275 1 2 3240 1 2 18 70 6 4 1 4 1 1 7371 6 1 32 1 4 1 12 3 18 18 144 1 0 
0 108 12 1 2 1 24 1 6 4 100 1 8 4 4 60 2 176 6 1 36 9 2 1 24 1 1 1 168 1 5040 2 192 1 5292 1 2 9 4 1 48 1 40 1170 1 40 1 8 3 2 1 4 1 12 1 640 2 80 2 1 2 1 105 1 1 120 1 4 12 1 1680 1 1 9 1 1 1584 1 4 2 3 60 1 24 896 4 1 48 120 12 72 10 108 75 1 8 1 4 0 
0 1 2 2 24 1 4 210 18 1 60 8 72 1 70 12 1 12 1 1254 1 1 66 966 2 88 2 8 1 4 40 1 2 4 1 4 66 20 3 1 1 36 2 1 880 12 4 1 441 2 2 72 4 24 286 12 2 1 2 72 1 1 1 18 1 165 1 18 1 4 5740 16 1 12 18 192 1 13776 2 1 24 357 45 6 1 4 2 5 3 2 1 3 6 3 2 1 40 6 0 
0 2 8 99 88 256 2 1 9 1 1 12 1 182 1 1200 72 2 1 12 1 8 1 8 1 750 1 12 1 4 1 1440 1 12 4 19600 1 24 1 480 6 384 2 1 24 1 8 1 2 1 8 12 1 4 1 8 1 64 1 28 1 54 8 1 324 1 18 66 900 1 10 1 32 1 2 10 352 2 1 20 18 1 1 1 8 40 3 4 12 2 2 6 3 1 18 189 2 2 0 
0 6 1 18 2 1 18 6 8 1 8 1 48 20 1 60 1 1 135 304 6 48 1 2 11232 1 44 2 90 1 2 1 4 30 1 2 1260 12 4 32 1 88 1 6 2 16 2 1 20 6 1 1 440 3 1 1 12 10 6 390 2 2 4 1 10 60 8 2 1 4 30 20 1 84 1 1 110 6 1 2 1152 1 8 1 4 1 1512 2 6 1 144 1 4212 60 2 2 1 24 0 
0 8 12 1 8 4 12 1 96 315 1 8 1 2 2 5 32 912 1 1 1 4 3 7866 1 2 9 1 1 255 1 4 12 1 8 12 1 4 1 4 1 6 3 1 1 3 17 16 2 1960 4 96 1 120 3 12 1 24 2 1 60 1 4 5472 1 48 1 152 120 2 4 1 12 1 180 2 1672 1 20 4 2 15 48 6 112 2 30 1 2 42 1 40964 1 4 1 60 12 1 0 
0 2 1 1998 10 1 4 6 1 666 4 8 24 12 1 1 2368 1 4 12 44 32 2 1 3 24 156 12 2 96 12 3 2 2772 1 50 2 1 8 1 448 24 5 60 2 280 5 1 1 1 1 5 140 6 1 12 2 10 48 8 1 333 2 2 2 4 6 1 6 1 1 24 56 1110 1 6808 1 80 1 208 1 222 6 1 1554 2 2 8 1 36630 2 1 2 8 48 2 1 2 0 
0 864 6 1 1 240 1 108 1 2 25 77 1 2 12 1 2 12 168 1 640 3 30 2 2 1 12 1 1008 1 24 1 34560 1 8 1 6 225 1 12 1 12 200 2 40 1 42 48 8 1 384 5 6 2 4 1 2 1 144 2 1 15 1 30 1 1 2520 18 4320 7 6048 1 4 1 4 15 4 2 135 12 12 2 1 600 3 16 1 16 10800 6 1 16 120 1 4 1 20 80 0 
0 2 64 4 12 2 960 1 6 2 2100 6 1 256 1 3 2 144 1 456 3 1 2 96 1 4375 70 1260 1 24 63 1 2 43890 2 2 24 2 216 2 2 6 2 1 6 8 1 10 1 18 1 1 6650 1 1 1 4 160 1 4 9 4 252 1 2 6 8 1 4 2 1 24 1 4 1728 1 6 1 40 1 1 108 1 75 1 1 2 4 100 1 48 1 2 540 2 3 1680 1 0 
0 1 408 1 8 1 32 2 768 3 2 1 360 1 120 2 1 6 8 3876 16 2 1 3 40 36 25 1 3 4 1 36 4352 3 512 2 1 2 8 6 1 2 2856 102 204 1 4 6 14 12 340 1 2 9 14 320 1 2 6 120 1 68 68 1 408 4488 12 1 2 1566 18 1 12 18 1 2 18 2 8 2 60 2 48 510 1 36 4 352 1 12 1 2 50 1 2 6 1 340 0 
0 24 1 16 1 2475 1 12 1 4 200 1 16 1 140 20 24 1 2 50 1 11088 72 2 1 120 1 16 1 1 18 60 3 1 1 4 72 10989 2 1 72 18 2 4 3 2 36 24 1 16 2 12 1 1350 1 1 2 1 5 18 2 5 1 1 12 4 20 1 162 1 1 972 1 40 1 56 1 8 1 1824 4 1 2 1 12 6 24 2 1 24 9504 1 16 4 88 693 16 1 0 
0 2 16 1 72 1 8 1 48 4 1 5280 1 6 6 1 200 4 144 1 17920 6 2 1 24 1 8 315 1 36 1 2 60 4 2 30 32256 2 8 2 60 1 1 1 4 300 2 1 60 2 1 4 2 320 8 640 24 2 8 1 2090 64 1 32 2 1 2 192 1 400 1 12 8 2 11520 12 2 450 8 1 4 4 5120 4 10 2 5 110 1 4 4 504 4 1 3 16 1 8 0 
0 1 1 6 2 8 4 1 1 3 80 1 1 3 252 1 6 1 1 10 6 1 2 644 192 1 1 3 60 2 1 24 1 18 6 1 144 1 8 496 2 38130 2 6 2 1 90 4 1 63 18 20 8 42 1 2 3038 248 1 186 38 6 1 525 36 1 8 1 9300 2 36 4 1 1 1 4 36 1 496 2 8928 1 2 1 112 2 1 2 4 50 3 1 1 32 40 1 4 1 0 
0 2 64 6 1 1 16 12 1 3150 2 30 3 1 112 3 4 10 2 8 1 16 4356 3 2 1 6 10 30240 2 40 1 32 2 48 120 1 18 159600 1 1 1 128 2 6 8 1 3 40 4 1 3360 2 1 4 24 1 1 2520 1 2280 2 16 1 1 1 3600 1 2 1 20 450 5460 6 6 2 440 12 3 2 1 60 1 432 1 1560 6 3 30 6 1 12 6 1 120 4 1 20 0 
0 609 2 1 88 24 288 5 6 1 2 4 3480 12 4 638 1 36 6 1 54 1 2 24 1 8 20 81 5 47096 1 72 2 1 6 1 112 1 4 3 24360 4 2 8 1 1 6 41412 1 1 3 1 90 16 1 87 8 1 16 3 1 1 2160 16 1 30 1 1 396 4 1 2349 2 1 2 1 20 18 6 20 4 1 48 1 4060 1 1 24 1 1 1 21 696 4 6 1 48 1 0 
0 1 1 135 672 10 1 18 8 6 1500 1 4 1 2 20 192 56 5 120 1 4 12 1 6 7000 3 168 1 2 17640 2 1 21 36 2 2 18 1 2 18 4 1 12 2 5040 168 2 112 280 2 1 18 1 80080 7 2 6 4 1 28 1036 1 2 27 192 1 248 1 2 9 48 4 1 2 32 3 1 1 8 108 12 1 1 588 3 1 1 72 2 4 49 9 1 1 24 2 8 0 
0 1 24 1 4 2 16 3 2 1 6 2 12 2808 24 1 2 1 4 1 96 1 1782 48 3 1 2 6 6 288 1 16 2 2673 2 6 6 9 6 24 24 1 16 1 84 1 8 1 2 2 1 105 4 1 2 3 20 1 324 8 1 90 10 8 1 1 1 2916 1 7830 1 12 1 96 25 2 1 4 2 30780 6 1 8 1 8 1 945 1485 1 12 1 84 1 80 8 2 1 2 0 
0 1 120 16 1 1 1 2730 32 1 4 1 48 1 14 8 1 24 1 8 1 2352 5 2 6 2 1 1 16 1 48 2 768 1 1 3 1872 1 6 1 2 780 1 32 1 8 1 208 6 2 2 36 1 6 12 1 12 10 2 6 1 2 16848 1 1 6 192 5 3 3 1 2 72 1 4 84 1 252 24 1 32 306 5 32 1 1 1 72 1 1040 21 2 2 4680 3 24 6 4 0 
0 2 1 2 8 4 48 1 10 6 42 20 1 30 1400 1 126 1 2 36 12 1 1 1150 1500 3 16 8 1 80 2 1 2 16 10200 3 1 4 800 6 4 1 12 15 2 1 48 2 50 9 12 3 72 4 8 1 150 2 1 270 12 4 1 16 38250 1 1 2 8 2 60 1 32 2 1 1 500 525 3 15 1 2 72 1 4 45 6 3 60 1 64 1 80 1 2000 2 1 30 0 
0 2 4 36 2 1 288 2 24 1 8 1 576 4 1 432 1 2 12 9120 1 4 2 4 160 9 1 1 13440 3 16 3 144 1 2 10080 6 432 1 2 648 16 1 144 144 4 144 2 1 288 1 4 9 224 1 36 1 4032 8 1 1 1 16 84 1 15840 48 1 2 3 48 6 2 1 768 46 1 8 6 1 4 48 128 90 20 3 4 1 70 4 2 21 1 8 24 6 1 2 0 
0 1 6 50 3 240 1 2 1 168 1 15939 2 1 2 12 2 6 324 1 1104 1 6 6 4 2 48 8 21 1 1 29946 1 16 2 1 2 2 2254 1 30 6 1 6 1 7 1 18 6 2 4400 1 4 1 72 1 24 1 40 1 1 12 1 7245 25 3 2 4 10 240 1 1 1 80 2 1058 6 230 1 4 9 2 1840 2 1 30 1 4 24 2 184 7 24 1 2 1 30 46 0 
0 14 60 3 2 6 8 1 60 1 24 1 2 78 30 2 2112 1 220 1 1 12 1 120 1 1 9 24 1 1 48 1 112 1 1 9 1 2 3 63 1 1 22176 1 4 2376 3 4 1 6 1 48 1 4 10 4 1 18 4 30 1 8140 352 6 1 2 18 1 4 12 1 48 2 6050 2 1 3 16 400 6 12 1 2 9 12 1 300 3 9 1 2 91 1 8 4 36 8 1 0 
0 1 16 1 1 1 72 20 4536 2 3 8 60 4 9 2 1 5292 3 6 2 60 10 1 10 700 3 1 1 1218 1 4 6 4 4 1 735 126 6 48 1 1 3 756 1 8 27 1 1 12 100 21 84 126 1 882 1 4 3 4914 70 1 20 1 4 2 1 294 1 2 60 1 4368 2 4 1 4 1 630 1 1 12 1 14175 1 8 2 2 1 6 2 1176 1 40 1 2 1 56 0 
0 54 1 1 27 2 2 6 8 7200 1 2 1 160 1 18 4 8 24 1 108 2 1 92 1 80 1 160 1 5800 2 48 2 1 6 2 1 2 1 200 1 16 8 1 1200 2 2 81 18 2 4000 10 1 4 7040 1 48 1 16 1 18 2 1 108 1 24 12 8 2 360 56 40 12 1 16 1 1500 1 12 30 1 6800 30 1 1 2 1 1980 2 32 18 1 40 1 64 1 16 5 0 
0 2 30 6 1 6 1 10 32 4 1 64 2 4 2 28 1 2 9 12 1 2 44 69 1 1 240 4 3 12 1 20 1 32 1 20 4 112 4 2 2 1 8 2 210 1 1 9 2 1 24 1 24 2 1 48 2 222015 3 6 1 1 15 11 4 18 2 1 4 1 6 2 1 18 6600 8 154 1 4 1 2 2 1 70 40 2 4 1 160 6 1 28 1 1 1 24 1 1 0 
0 1 1 540 1 50 6 1 12 1 5400 2 1 864 3 6 20 4 1 4 24 3024 18 126 6 16 12 1 1 3 10800 1 216 1134 1 108 1 4 72 1 4536 8 1 324 1 2 630 5 1 2 1 4 5 2520 1 8 1 16 1 2 4 1 18 360 180 1 48 1 44 8 2016 24 16 1 4 1 12 360 8 2 25920 1 60 2 1 8424 8 2 6 2 2 27 8 6 2 8 64 2 0 
0 4 510 6 11 51 8 8 1 24 1 12 8 1 2380 1 200 1 8 1 2 150 1 4 1 4 1 36 1 2958 1 12 10 3 60112 3 2 1 3 3 60 1 2 1 12 160 1 234 3 352 8 1 32 1 1 1 24 2 1 6 99 595 1 36 1 12 2 3 3570 2 4 1 1 1 18 168 1 8 1 35530 1 12 2 1 16 1 2380 1 2380 1 204 2 10 60 3 12 2 1 0 
0 1 20 1 4 1 2 336 1 4 6 7 35 10 1 4 1 16 240 6 1 12 1408 4 1024 2 2 48 4096 6 4 2 24 2 6 3 120 2 1 4992 1 280 24 6 1 4 6 2 504 9 1 8 1280 24 4 4 512 1 896 1 4 48 4 3 4 896 1024 24 4 1 16 128 1 4800 1 2 2 1 1 6 16 1 256 4 1 6 1 8 1 360 1 4 1 4 200 1 128 2 0 
0 6 4 1 6 20 48 3 32 1 90 1 2 3 30 2835 12 1 2 6 6 1 420 1 2 1 1040 1 1 9 1 1 18 1 2 6 10 36 1 3 48 1 8 30 4 1 96 1 2 1 64 23970 1 1 3 448 2 2 6 6 2 1 14 2 68 1 1 6 1 12 1 12 3 216 2 1 3 16 1 720 3 18 1 2 6 3 2 6600 12 2 12 378 4 4 3 24 1 10 0 
0 8 1 1 15 1 1 1 1 648 4 1 6 36 1 1 12 2 8 1 7560 1 1 96 3 8 130 1 4 8 2 75 2 18 1 1 50 1 336 1 14 6888 2 1 180 6 1 252 336 2 18 1 8 1 4 1 320 8 1 2 1008 2 8064 1 30 2 8 84 9 12 56 1 392 1 3360 9 2 2 90 2 2 2 4 525 18 1 1 18 1 1 1 8 1 1890 2 1 12 14 0 
0 12 2 8 72 1 312 1 128 2 1 9 8 1 52 2 7488 6 1 4 5 1 1 1 4 36 1690 1 6 2 1 10 1 270 9 78 1 4 4 2 1 2 19656 2 2 156 780 1 1 312 1 2444 15 9 2 1 8 216 1 1248 1 8 1 30 60 12 1 72 1 3 1 1 9 1 1 32 1 50 35 1 4 1 2 975 1 2 6 4 14 2 2 3 6 1 1 189 1 2 0 
0 1 4 1 20 9 84 3 18 2 4 36 2 2 2 2160 1 1 12 1152 2 140 1 8 24 1 2 1 14 8 6 372 300 1 2 1 24 900 7 18 4 1 25 14 1 6 2 880 1 6 1 1 18 1 6 6 2 2 72 1 48 1 16 1 1 3 576 1 4 15312 14 100 2 1 8 1 700 12 6 2 48 8 128 1 4 18 2 1 48 3 12 2 720 4 8 108 2 16 0 
0 4 10 24 1 1 1 360 1 1 9 1 1 390 1 8 8 1 26136 3 1 1 120 1 24 6 1 2 6 2 27720 1 20 2 1 4 2 25 15 1 1 3 84 1 24 1 2 3 12 28 12 4 30 1 4 48 1 8 1 144 1 420 3 1 1 12 1 4 1620 8 1 3 9 352 1 72 1 8 2 32 1 1122 1 2 48 3 4 70 10 1 44 1 8 1 1540 3 2 1 0 
0 1 6 36 1 1 1 1 10 384 4 2 8 1 24 1 1 2992 1 2 8 252 2 400 1 2 6 12 100 1 2 18 1 5940 90 16 1 18 1 144 6 24 2 1 128 6 4 2 160 10 1 16 1 320 1 16 2 12 36 1 16 5 40 1 6 72 1 6200 2 1 4 1 8 1 2240 1 6 1 1 45 1 2 256 3 2 1 6 2 6 1 2 225 1 4 6 1 30 1 0 
0 28 1 2 1 12 1 4 864 1 2 189 63 108 1 4 60 1 16 36 2 1 2 1 2 2100 1 1 3 12 120 1 448 1 1 3 1080 1 6 1 1 5 540 1 12 2 18 1 1 36 4 1 40 1 396 1 60 1 1 54 6 1 36 1 360 1 1 9 2160 22 30 1 1 24 1 10 24 6 4 1 66 9 288 84 4 1 90 1 6 42 6 1890 18 25 1 6 4 1 0 
0 6 1 16 1 84 1 72 5 4320 42 2 1 36 4 3 8 1 4 20 96 2 32 2 1 2 780 12 12 84 10 1 20 1 8 2 864 4 1 384 1 12 15 2 1 2 1 1280 48 1 2 4 200 24 1 1 1 480 2 6 1 1 3 16800 2 16 12 1 2 48 1 8 9 1 1 288 1 240 2 1 432 1 4 3 2 8 2 12 1 8 2 4 1 8 6 36 1 8 0 
0 7 42 1 396 1 40 1 24 1 1 24 6 1 1 88 1 48 1 1 1 7056 1 6 420 4 1 40 1 1 3 126 3 18 2 1 3 576 1 1 2240 189 2 4 1 120 4 1 8 2 3024 3 1 1 96 1 168 2 240 7 4 2 6 6 1 18 4 2 48 1 8 1050 20 2 12 1 3850 1 2 270 2 2 2 2 20 1 6 1 2 5670 1 40 2 4 1 2 210 1 0 
0 5 6 12 2 2 3 1 1 36 10 3 9 8 10 24 2 1 6 684 2 2 45 2 1 2700 1 1 4 1 6 432 1 88 48 4 24 1 10 4 8 3 1 1 7392 1 6 36 2 1 3 672 4 1 2 288 2 1 36 1 1368 1 12 1 16 18 1 72 1 216 2 1 3 3 1 1 6 6 7560 2 4 3 72 1 2 42 9 30 360 1 18 1 2 10 8 2 1 12 0 
0 1 1 6 1 250 175 6 1 6 1 30 1 2 3 16 1 36 2160 1 4 3 8 60 12 1 780 1 30 60 1 4 1 20 1 2 6 2 350 1 1 3 24 100 1 8 15 1 4 60025 15 1 1 135 16 1 90 48 1 24 1 270 1 12 1 1 160 1 4 2 1764 2 1 1 20 6 18 1 10 2 1 9 2 15 2 585 1 4 1 16 2 32 2 4 4 2 1 2 0 
0 2 8 72 36 4 2 24 3 24 6 12 2 48 1 2 2880 1 12 2 1 720 3 2 1 36 1 4 1 2 1 48 3 924 8 8 1 4 1 12 252 2 1 36 3 1 2 32 4 1 4 6 48 1 2 144 10 1 4 1 1 18 16 6 2 20 1 18 1 1 896 1 1 84 6 1 6 2 2 684 1 2 1 8 3 1 2 21 3 1 1 18 1 1 7 32 9 64 0 
0 3 1 1 36 2 1 21 40 3 1 1 108 4 1 135 1 8 1 18 100 2 704 4 2 30 1 1 3 3 1440 3 96 1 2 1 90 8 20 3 1 1 18 5 9 42 2 6 12 4 1 2 315 4 1 15 2 1 18 1 60 1 6 30 1 396 2 2 16 216 3 4 3 1 2 36 3 75 8 1 1 3 180 1 96 2 216 2 3 24 6 1 4 24 12 4 1 6 0 
0 2 1 16 1 2 24 2 1 8 1 4 5 1 6 1 2 1904 20 8 1 1 1 15 210 1 2 54 2 1 540 2 2 8 1 240 2 1 3 108 2 40 1 20 8 1 1 6 300 6 3 48 1 60 3 4 252 3 4 10 1 3 1 4 42 7 6 1 1 1 1 5 560 4 1 30 6 1 1 6 144 3 2 630 1 3 4 1 20 2 2 3 28 1 8 3 1 1 0 
0 30 1 1 6 1 1 6 16 3 5 27 1 3 5 10 1 1 1 1 36 2 44 16 1 8 4 20 8 1 4 1 1280 1 2 6 1 10 2 15 6 1 4 20 1 12 4 1 20 1 4 1 16 1 270 1 2 63 1 1 6 12 2 1 2 264 4 5 36 4 1 12 1 2 72 1 1 6 40 1 36 1 2 1 1 2 1 4 3 1 1 84 1 4 1 2 12 1 0 
0 0 0 0 0 0 0 0 0 0 0 0 0 0 0 0 0 0 0 0 0 0 0 0 0 0 0 0 0 0 0 0 0 0 0 0 0 0 0 0 0 0 0 0 0 0 0 0 0 0 0 0 0 0 0 0 0 0 0 0 0 0 0 0 0 0 0 0 0 0 0 0 0 0 0 0 0 0 0 0 0 0 0 0 0 0 0 0 0 0 0 0 0 0 0 0 0 0 0 


Highest scenic score: 334880
